[seoul]
client = "SeoulBIS"
eastern-outer-longitude = 127.18379711399258
western-outer-longitude = 126.76446895297396
southern-outer-latitude = 37.429007504198786
northern-outer-latitude = 37.70110000707503

[gyeonggi]
client = "GyeonggiBIS"
eastern-inner-longitude = 127.10084815725004
western-inner-longitude = 126.91089412734684
southern-inner-latitude = 37.46769995451379
northern-inner-latitude = 37.629702600802595

eastern-outer-longitude = 127.84801452844415
western-outer-longitude = 126.34624949567086
southern-outer-latitude = 36.893754937472465
northern-outer-latitude = 38.3023264046595

[incheon-1]
client = "IncheonBIS"
eastern-outer-longitude = 126.53571021243563
western-outer-longitude = 124.61017391047882
southern-outer-latitude = 37.576326169397085
northern-outer-latitude = 37.98450224327182

[incheon-2]
client = "IncheonBIS"
eastern-outer-longitude = 126.79373657525775
western-outer-longitude = 126.25848758061122
southern-outer-latitude = 37.33414531331804
northern-outer-latitude = 37.6391569145932

[incheon-3]
client = "IncheonBIS"
eastern-outer-longitude = 126.5533344950318
western-outer-longitude = 125.94072870021894
southern-outer-latitude = 37.017216158710745
northern-outer-latitude = 37.28999959257262